    0.548131114713832446E+02    0.224656943239523411E-02   -0.181640132643821661E+01   -0.500064270093945940E+00    0.438682922928753716E+00    0.147879975972808322E-02    0.444387896214510063E-02    0.654856705360634423E-04    0.548749338105486686E+02    0.197986389086763986E-03   -0.181824102186165915E+01   -0.500001967141407988E+00    0.548749338105486686E+02    0.197986389086763986E-03   -0.181824102186165915E+01   -0.500001967141407988E+00   -0.153958809861875576E+06   -0.153925274192667537E+06
    0.497098895460832608E+02    0.564033480142035921E-02   -0.253649636636304532E+01   -0.556952430246530850E+00    0.245552954222869407E+00    0.415449733323840914E-02    0.247952169378373635E-02    0.236512600691895396E-03    0.499131879321758660E+02    0.505078061212208863E-03   -0.254008089352247746E+01   -0.556658117195849567E+00    0.499131879321758660E+02    0.505078061212208863E-03   -0.254008089352247746E+01   -0.556658117195849567E+00   -0.154169769904473447E+06   -0.154136807986921893E+06
    0.481217235849416198E+02    0.451643117728214513E-02   -0.250833438071420112E+01   -0.559188350159302350E+00    0.117608802825779193E+00    0.308949706551419397E-02    0.105292603238046553E-02    0.160540539947598383E-03    0.480896351172248302E+02    0.388943274419939564E-03   -0.250903841664998373E+01   -0.559165731510128605E+00    0.480896351172248302E+02    0.388943274419939564E-03   -0.250903841664998373E+01   -0.559165731510128605E+00   -0.154163058184406662E+06   -0.154127270410023688E+06
    0.621810515178566945E+02    0.312084851774491467E+00   -0.257647703048556309E+01   -0.500526205364386634E+00    0.359888605244450155E+00    0.399182333053529643E-02    0.812206598157409342E-03    0.301996614935032921E-03    0.617572191267476143E+02    0.316999350855760753E+00   -0.257571961085203771E+01   -0.500160660961238346E+00    0.617572191267476143E+02    0.316999350855760753E+00   -0.257571961085203771E+01   -0.500160660961238346E+00   -0.154311587660666235E+06   -0.154281774006768654E+06
    0.376051312663442587E+02    0.498693507952104931E+00   -0.253621524441904356E+01   -0.500138734123145912E+00    0.142670971919854089E+00    0.604675933799794047E-03    0.847404719580350011E-03    0.921173119873429282E-04    0.377527813566847570E+02    0.498567842018132534E+00   -0.253673549059478320E+01   -0.500010807775528754E+00    0.377527813566847570E+02    0.498567842018132534E+00   -0.253673549059478320E+01   -0.500010807775528754E+00   -0.154205377271648613E+06   -0.154173742139131587E+06
    0.376939535496320559E+02    0.493589061403664819E+00   -0.253499576938442939E+01   -0.500798204705579453E+00    0.690981103036522881E-01    0.225018517876136918E-03    0.964128524472095062E-03    0.658226213926622276E-04    0.376640210670292888E+02    0.493653149434449379E+00   -0.253632346009120901E+01   -0.500724338948114411E+00    0.376640210670292888E+02    0.493653149434449379E+00   -0.253632346009120901E+01   -0.500724338948114411E+00   -0.154202669817967369E+06   -0.154170710245892027E+06
    0.370296115070118432E+02    0.492564297309062427E+00   -0.253429078859633039E+01   -0.500925960112147184E+00    0.141216485761632565E+00    0.463218072514386310E-03    0.536261271524026794E-03    0.861085792450706061E-04    0.373145763115453377E+02    0.491656937782005532E+00   -0.253351493806027195E+01   -0.501165614315710606E+00    0.373145763115453377E+02    0.491656937782005532E+00   -0.253351493806027195E+01   -0.501165614315710606E+00   -0.154208279951513076E+06   -0.154175844626635138E+06
    0.300864289193515404E+02    0.378015087910011705E+00   -0.249953295698442979E+01   -0.507555101868595981E+00    0.195154333421982379E+00    0.228898587159479926E-02    0.480818855289655202E-02    0.150887534173992576E-03    0.304285545108390707E+02    0.375015703831664160E+00   -0.251238311881939458E+01   -0.507330440292972362E+00    0.304285545108390707E+02    0.375015703831664160E+00   -0.251238311881939458E+01   -0.507330440292972362E+00   -0.154315350638196745E+06   -0.154286947081346036E+06
    0.301185634006114924E+02    0.382646543901622616E+00   -0.249683039925293260E+01   -0.506771319276456023E+00    0.709230932611348147E-01    0.177697994845233656E-02    0.806627808448907185E-03    0.955900643342873528E-04    0.300991745858211033E+02    0.379598641795367286E+00   -0.249657504506332328E+01   -0.506924245484010605E+00    0.300991745858211033E+02    0.379598641795367286E+00   -0.249657504506332328E+01   -0.506924245484010605E+00   -0.154308521607910865E+06   -0.154275974491803063E+06
    0.282847182651798477E+02    0.370288106001507855E+00   -0.248865568843305995E+01   -0.504993530578620509E+00    0.114812826155742162E+00    0.175696609475550899E-02    0.731607682385782866E-03    0.196035208447334700E-03    0.282619585248202050E+02    0.369363037362421709E+00   -0.248829811268822088E+01   -0.504927972366235434E+00    0.282619585248202050E+02    0.369363037362421709E+00   -0.248829811268822088E+01   -0.504927972366235434E+00   -0.154316346690030565E+06   -0.154286181424373441E+06
    0.548131114771136652E+02    0.224656943263010309E-02   -0.181640132662811071E+01   -0.500064270146228562E+00    0.438682564942885878E+00    0.147879975962699113E-02    0.444384015477667250E-02    0.652857357569624450E-04    0.548749338105486686E+02    0.197986389086763986E-03   -0.181824102186165915E+01   -0.500001967141407988E+00    0.548749338105486686E+02    0.197986389086763986E-03   -0.181824102186165915E+01   -0.500001967141407988E+00   -0.153958698405232164E+06   -0.153925274192667537E+06
    0.356694485806410100E+02    0.119699968596310123E-02   -0.162344110272840370E+01   -0.501257404674256501E+00    0.831481997003258311E-01    0.723903170512896037E-03    0.346665642734786362E-03    0.150569862026404144E-03    0.356833343327611914E+02    0.537118924856760352E-03   -0.162332883629576852E+01   -0.501251336964364747E+00    0.356833343327611914E+02    0.537118924856760352E-03   -0.162332883629576852E+01   -0.501251336964364747E+00   -0.154064188025662006E+06   -0.154023506968231901E+06
    0.186924037245703367E+02    0.250275920482543029E-02   -0.157141898874741415E+01   -0.502191346597385069E+00    0.332506069229274892E+00    0.194005404037962226E-02    0.143291627037425706E-02    0.222129597571077013E-03    0.189691312921823467E+02    0.176038935064649514E-03   -0.157270929426664874E+01   -0.502030309367317962E+00    0.189691312921823467E+02    0.176038935064649514E-03   -0.157270929426664874E+01   -0.502030309367317962E+00   -0.154058231731261592E+06   -0.154018863379792689E+06
    0.163439313293385773E+02    0.602379150145962699E-02   -0.153298925037198641E+01   -0.500312900532175031E+00    0.214406561246804350E+00    0.223580095508814358E-02    0.372384385757471058E-02    0.149432989838604868E-03    0.163542757582795772E+02    0.771729270882545726E-02   -0.153641943929606706E+01   -0.500225695314451269E+00    0.163542757582795772E+02    0.771729270882545726E-02   -0.153641943929606706E+01   -0.500225695314451269E+00   -0.154041490511535230E+06   -0.154003793405870325E+06
