    0.483438109373951335E+02    0.650453635938071789E-02   -0.256971046410065407E+01   -0.500464522024722802E+00    0.453058453211360290E+00    0.357521369420716424E-02    0.937340569033539260E-02    0.283480412541236323E-03    0.487116204592801907E+02    0.844877434090011070E-03   -0.256146606289017509E+01   -0.500581447928424073E+00    0.487116204592801907E+02    0.844877434090011070E-03   -0.256146606289017509E+01   -0.500581447928424073E+00   -0.515395578084375084E+05   -0.515075169368362767E+05
    0.492128619104874474E+02    0.415537765238401940E-01   -0.255465652532800780E+01   -0.500415739841997054E+00    0.270203251008071577E+00    0.182951610189531727E-02    0.391752571523635608E-02    0.190108299556534990E-03    0.495846919867072415E+02    0.416016551067235757E-01   -0.254891524240422873E+01   -0.500518182188757432E+00    0.495846919867072415E+02    0.416016551067235757E-01   -0.254891524240422873E+01   -0.500518182188757432E+00   -0.515491539613619170E+05   -0.515191154439098027E+05
    0.483774730418184618E+02    0.619811895865049478E-02   -0.256064581567625948E+01   -0.500549189737482969E+00    0.313223394600706362E+00    0.284484123349845698E-02    0.128462081708657309E-02    0.104965656357052932E-03    0.487116204592801907E+02    0.844877434090011070E-03   -0.256146606289017509E+01   -0.500581447928424073E+00    0.487116204592801907E+02    0.844877434090011070E-03   -0.256146606289017509E+01   -0.500581447928424073E+00   -0.515401400743093036E+05   -0.515075169368362767E+05
    0.485107219031480597E+02    0.390105609846303283E-02   -0.257923583087101616E+01   -0.500217157875559759E+00    0.423436350519609095E+00    0.182740638551478585E-02    0.141376591635789580E-02    0.856976892576163035E-04    0.490531415630943286E+02    0.333896368747269674E-03   -0.257814222743150046E+01   -0.500268952418417179E+00    0.490531415630943286E+02    0.333896368747269674E-03   -0.257814222743150046E+01   -0.500268952418417179E+00   -0.515401328294869818E+05   -0.515085566104653772E+05
    0.483707789475908072E+02    0.292867584319620507E-02   -0.257138514997072321E+01   -0.500652266266060963E+00    0.133693283842107269E+00    0.129721516124830941E-02    0.139727593325117893E-02    0.389951032297757900E-04    0.483818010286756177E+02    0.135289335210739400E-02   -0.257193446926418812E+01   -0.500628333271213588E+00    0.483818010286756177E+02    0.135289335210739400E-02   -0.257193446926418812E+01   -0.500628333271213588E+00   -0.515432511283536223E+05   -0.515105261737544206E+05
    0.442735541741647154E+02    0.126680337066617937E+00   -0.250128396269781073E+01   -0.500355173804477693E+00    0.471408458197436597E+00    0.351467931724506024E-02    0.375310574582124945E-02    0.178538559306244064E-03    0.439469421399007913E+02    0.129815226856991234E+00   -0.249620208426849555E+01   -0.500205514933027118E+00    0.439469421399007913E+02    0.129815226856991234E+00   -0.249620208426849555E+01   -0.500205514933027118E+00   -0.515799648890326935E+05   -0.515537460061686288E+05
    0.499975630164644187E+02    0.714601347969462224E-02   -0.260915266489749742E+01   -0.504201427508571332E+00    0.189928082692548905E+00    0.496964887151882945E-02    0.179453498025633831E-02    0.492801361614061747E-04    0.501351018042185146E+02    0.686653267404638756E-03   -0.261044371556522226E+01   -0.504169116629308522E+00    0.501351018042185146E+02    0.686653267404638756E-03   -0.261044371556522226E+01   -0.504169116629308522E+00   -0.515885054736972670E+05   -0.515544713747600763E+05
    0.495816446099948749E+02    0.527319776517223421E-01   -0.259354564959753864E+01   -0.503179448837380083E+00    0.166457183109320755E+00    0.462624530350015835E-02    0.955239309204360771E-03    0.375827808926600961E-03    0.493683570128774960E+02    0.456180844418917902E-01   -0.259404033069188600E+01   -0.503785404555400440E+00    0.493683570128774960E+02    0.456180844418917902E-01   -0.259404033069188600E+01   -0.503785404555400440E+00   -0.515889191149686230E+05   -0.515621881991885530E+05
    0.404834840211259532E+02    0.931014473959572084E-02   -0.251333889135030830E+01   -0.507609943014740606E+00    0.269278425456220327E+00    0.612789928980052561E-02    0.680733782668481707E-02    0.203196195331679539E-03    0.407162021228550230E+02    0.683390559119340210E-03   -0.251441610349475519E+01   -0.507880713374956549E+00    0.407162021228550230E+02    0.683390559119340210E-03   -0.251441610349475519E+01   -0.507880713374956549E+00   -0.516022711874913439E+05   -0.515720261311955401E+05
    0.432954047574576890E+02    0.528595917746529295E-01   -0.252536942861650537E+01   -0.507470875473044258E+00    0.689103518633372714E+00    0.594175236768014828E-02    0.503057518006100150E-02    0.212570172443047369E-03    0.444216479385524039E+02    0.503121127511944669E-01   -0.252500595078024626E+01   -0.508132361919079401E+00    0.444216479385524039E+02    0.503121127511944669E-01   -0.252500595078024626E+01   -0.508132361919079401E+00   -0.516025014898891532E+05   -0.515771234897289905E+05
    0.461547610339588559E+02    0.107406243047562487E-01   -0.255415679056585621E+01   -0.512953638265479683E+00    0.154759908993963391E+01    0.658549030383415081E-02    0.126442015595675580E-01    0.200167400233417734E-03    0.452144791433192452E+02    0.181668040935917350E-02   -0.254843866952115361E+01   -0.512919760319184181E+00    0.452144791433192452E+02    0.181668040935917350E-02   -0.254843866952115361E+01   -0.512919760319184181E+00   -0.516184525670807125E+05   -0.515899753890227585E+05
    0.185243960285092442E+02    0.704996221544237911E-01   -0.242111666501914957E+01   -0.500939443561407738E+00    0.349073568299269776E+00    0.132034927326483888E-01    0.420866790686825424E-02    0.185056053571947156E-03    0.185897619123948097E+02    0.558740212768897987E-01   -0.242638859855755706E+01   -0.501215848840210310E+00    0.185897619123948097E+02    0.558740212768897987E-01   -0.242638859855755706E+01   -0.501215848840210310E+00   -0.517502076538330730E+05   -0.517228450344060257E+05
